59
22
10
44
91
63
16
14
79
54
73
95
9
78
88
36
5
60
82
10
62
23
35
13
77
38
15
23
38
71
95
31
66
88
96
16
57
11
56
73
21
27
76
6
48
45
73
44
20
40
32
76
5
52
3
66
53
52
85
95
85
30
95
77
26
63
29
4
93
80
12
47
56
76
88
80
53
13
29
36
68
5
76
15
16
40
71
18
34
17
37
23
5
83
36
95
13
97
9
53
35
95
44
21
32
27
45
47
14
63
3
44
99
52
60
32
45
51
83
42
100
30
45
13
48
4
79
76
79
11
72
9
50
99
44
29
33
72
79
27
65
84
34
34
98
45
53
12
43
3
18
100
37
52
74
43
84
83
5
7
41
56
96
44
50
21
99
69
60
57
96
98
92
27
4
14
24
79
70
30
91
33
15
37
100
41
63
68
36
98
90
38
84
7
31
32
68
61
98
51
42
68
32
47
8
62
61
23
56
59
82
27
62
65
89
22
50
7
85
81
46
57
4
82
3
13
76
32
6
98
64
41
94
18
88
84
63
39
89
32
42
21
29
100
59
32
43
92
3
33
85
90
4
84
5
81
19
36
66
92
86
17
0
24
93
8
67
4
52
5
73
33
88
63
7
67
27
32
64
23
73
81
31
53
38
56
89
77
1
46
98
56
97
80
16
10
61
10
92
46
12
93
86
87
3
81
98
33
30
73
68
100
34
51
99
35
40
91
26
43
61
20
51
62
18
9
22
58
43
70
15
79
93
65
56
53
64
89
81
69
85
23
9
62
99
93
66
89
92
37
18
31
37
88
78
28
89
51
37
6
17
40
94
22
11
77
0
29
92
95
24
13
92
82
49
60
97
55
15
34
57
43
30
40
81
44
37
68
58
95
63
58
43
83
11
17
26
30
48
61
10
13
13
8
40
42
35
22
2
66
86
38
10
63
27
24
38
74
76
67
50
90
99
68
96
62
68
67
24
10
25
78
97
38
17
6
1
28
49
44
11
97
98
19
98
42
60
40
33
65
37
98
37
78
58
100
35
32
22
67
91
47
43
71
46
69
32
12
73
72
31
6
78
10
44
63
59
52
29
63
81
22
96
82
52
16
27
85
65
90
60
11
99
83
81
42
3
22
4
27
44
35
98
83
5
81
57
8
16
43
16
40
3
58
30
27
7
17
52
19
44
55
61
47
33
56
70
69
62
46
34
90
80
97
17
78
86
95
96
63
20
9
27
69
86
27
34
61
24
32
55
34
34
97
51
14
20
87
89
78
16
62
35
90
86
35
52
82
14
12
51
20
0
44
65
83
92
94
30
0
7
0
87
35
65
33
97
62
57
26
80
34
26
46
13
66
17
34
64
54
48
94
6
81
99
40
9
84
31
74
40
95
66
59
16
8
88
45
43
16
63
27
3
43
11
11
71
57
11
13
60
38
14
67
3
15
46
17
6
36
78
0
70
48
57
20
59
28
56
28
19
64
47
31
28
75
22
56
90
74
82
9
60
84
98
89
92
30
43
76
69
80
61
10
17
69
44
82
48
46
51
2
83
100
52
2
50
3
2
97
74
54
29
58
71
82
68
61
20
1
65
35
10
59
35
98
74
34
43
21
37
69
99
81
51
10
10
82
83
60
36
4
72
28
55
18
8
41
45
11
64
84
44
98
80
70
37
48
46
0
32
60
96
91
34
8
72
61
30
3
52
80
76
7
27
28
20
94
85
57
72
86
98
66
50
2
33
100
95
0
62
4
81
52
25
19
93
71
29
93
55
21
55
50
17
2
39
71
33
87
81
89
83
4
15
64
46
11
7
78
79
53
8
42
57
60
55
78
9
0
13
62
32
21
97
26
9
51
48
87
86
13
7
99
77
63
11
46
84
72
36
34
80
22
19
3
57
19
97
94
4
58
88
58
54
86
26
20
66
13
56
54
8
91
96
5
53
37
37
61
7
72
39
55
83
87
32
9
70
59
73
50
20
92
38
14
43
51
43
11
82
2
3
40
94
97
46
14
29
91
81
1
81
37
90
11
92
1
51
36
84
92
96
64
52
79
50
97
56
8
86
87
57
53
21
46
99
91
39
14
59
74
64
82
15
57
46
60
10
34
68
39
93
61
4
3
60
22
96
42
7
98
78
94
30
15
44
43
79
86
98
75
8
91
61
13
12
47
84
1
4
80
92
76
16
1
18
98
16
66
72
23
2
8
56
6
71
80
61
44
96
56
2
22
36
84
4
91
23
32
62
19
87
38
56
96
4
66
92
17
37
5
92
33
76
51
69
43
31
91
63
47
31
64
92
71
21
48
14
43
60
31
66
51
36
96
35
75
85
66
65
73
10
60
94
58
42
71
75
65
65
70
10
24
54
66
56
71
37
20
33
73
96
94
61
91
3
0
40
32
61
80
77
68
36
69
19
43
51
76
43
55
34
65
46
90
85
30
96
77
39
35
81
69
16
65
6
99
67
66
47
78
76
43
80
42
29
82
4
71
34
13
4
60
83
26
95
68
85
73
36
77
64
45
87
36
79
49
40
29
18
88
81
76
66
48
79
24
23
28
30
3
62
23
79
80
74
21
39
4
27
99
13
48
76
97
98
51
44
63
71
0
32
43
4
7
98
30
0
20
42
2
31
80
37
63
67
6
18
24
44
0
56
0
25
20
25
99
6
99
6
36
99
42
75
59
33
41
80
63
10
0
35
44
39
43
0
27
9
4
83
39
43
67
75
51
18
100
90
2
23
43
31
37
11
59
43
26
27
36
28
35
62
79
65
22
38
98
21
31
59
37
14
72
31
27
37
40
72
55
72
42
17
67
97
52
88
73
27
38
69
64
85
12
94
69
27
75
63
12
58
17
10
44
42
18
84
64
59
84
9
55
24
58
12
28
37
42
76
70
9
33
23
94
44
43
0
87
10
62
23
44
22
90
16
72
89
99
49
74
90
98
44
26
71
22
31
66
61
93
99
61
73
80
3
28
63
12
23
43
5
48
80
59
93
66
95
31
61
50
66
93
26
99
46
71
21
57
13
87
38
58
88
13
16
4
43
98
6
30
97
59
85
50
12
17
83
3
22
93
72
18
71
59
96
34
69
95
12
55
15
69
76
64
65
95
30
75
77
93
43
93
42
17
82
49
39
85
62
83
68
8
71
51
93
63
42
92
77
66
82
89
75
8
18
24
22
55
54
47
90
45
57
87
14
79
26
22
24
15
18
95
13
45
69
45
9
79
100
24
24
2
63
11
84
73
41
15
66
47
23
0
89
3
36
61
8
91
39
50
80
44
30
32
79
83
51
78
30
83
57
39
78
36
48
28
34
54
6
52
70
59
71
89
77
30
93
77
48
65
22
72
44
35
98
27
4
99
69
66
50
60
94
62
93
72
52
45
70
71